x=[ 100 101 102 103 104 105 106 107 108 109 110 111 112 113 114 115 115 116 117 118 119 120 121 122 123 124 125 126 127 128 129 130 131 132 133 134 135 136 137 138 139 140 141 142 143 144 145 146 147 148 149 150 150 151 152 152 153 154 155 156 157 158 159 160 161 162 163 164 165 166 167 168 169 170 171 172 173 174 175 176 177 178 179 180 181 182 183 184 185 186 187 188 189 190 191 192 193 194 195 195 196 196 197 197 198 198 199 200 200 201 202 203 204 205 206 207 208 209 210 211 212 213 214 215 216 217 218 219 220 221 222 223 224 225 226 227 228 229 230 231 232 233 234 235 236 237 238 239 240 241 242 243 244 245 246 247 248 249 250 250 251 252 252 252 253 253 253 254 254 254 255 256 256 257 258 259 259 260 261 262 263 264 265 266 267 268 269 270 271 272 273 274 275 276 277 278 279 280 281 282 283 284 285 286 287 288 289 290 291 292 293 294 295 296 297 298 299 300 301 302 303 304 305 306 307 308 309 310 311 312 313 314 315 316 316 317 317 318 318 318 319 319 319 319 319 319 319 319 320 320 320 321 321 322 322 323 324 325 326 327 328 329 330 331 332 333 334 335 336 337 338 339 340 341 342 343 344 345 346 347 348 349 350 351 352 353 354 355 356 357 358 359 360 361 362 363 364 365 365 365 365 365 365 365 365 365 366 367 368 369 370 371 372 373 374 375 375 376 376 376 376 377 377 378 379 380 381 382 383 384 385 386 387 387 387 387 387 386 385 384 383 382 381 380 379 378 377 376 376 376 376 376 376 376 377 378 379 380 381 382 383 384 385 386 387 388 389 390 390 390 390 390 389 388 387 386 385 384 383 382 381 380 379 378 377 377 376 376 376 376 376 377 378 379 380 381 382 383 384 385 385 386 386 386 386 386 385 385 384 383 382 381 380 379 378 377 376 375 374 373 372 371 370 369 368 368 368 368 368 369 370 371 372 373 374 375 376 377 378 379 380 381 382 382 382 383 382 382 382 381 380 379 378 377 376 375 374 373 372 371 370 369 369 368 368 368 369 369 370 371 372 373 374 375 376 377 378 379 380 381 382 382 383 383 383 382 382 381 380 379 378 377 376 375 374 373 372 371 370 369 368 367 367 367 366 367 367 367 368 369 370 371 372 373 374 375 375 375 375 375 374 373 372 371 370 369 368 367 366 365 364 364 364 364 364 364 365 365 366 367 368 369 370 371 372 373 374 374 375 375 374 374 373 372 371 370 369 368 367 366 365 364 364 363 363 363 363 364 364 365 366 367 368 369 370 371 372 373 373 374 374 374 373 373 372 371 370 369 368 367 366 365 364 363 362 361 360 360 359 359 359 360 360 361 362 363 364 365 366 367 368 369 370 371 372 373 374 375 376 377 377 377 377 377 377 376 376 375 374 373 372 371 370 369 368 367 367 367 367 367 368 368 369 370 371 372 373 374 375 376 377 378 378 378 378 377 376 375 374 373 372 371 370 369 368 367 367 366 366 366 366 367 367 368 369 370 371 372 373 374 375 376 377 377 377 377 377 376 375 374 373 372 371 370 369 368 367 366 366 366 366 366 366 367 368 369 370 371 372 373 374 375 376 377 377 378 378 378 378 378 377 377 376 375 374 373 372 371 370 369 368 367 366 365 364 363 362 362 362 362 362 363 364 365 366 367 368 369 370 371 372 372 373 373 373 373 372 372 371 370 369 368 367 366 365 364 363 362 362 362 362 362 362 363 364 365 366 367 368 369 370 371 372 373 374 375 376 377 378 379 380 381 382 383 384 385 386 387 388 389 390 391 392 393 394 395 396 397 398 399 400 401 402 403 404 405 406 406 407 408 408 409 409 410 410 410 410 411 411 411 411 411 411 411 411 410 410 410 410 409 409 408 408 407 406 405 404 403 402 401 400 399 398 397 396 395 394 393 392 391 390 389 388 387 386 385 384 383 382 381 380 379 378 377 376 375 374 373 372 371 370 370 369 368 368 367 367 366 366 366 366 366 365 365 365 365 365 366 366 366 366 367 367 367 368 368 369 370 371 372 373 374 375 376 377 378 379 380 381 382 383 384 385 386 387 388 389 390 391 392 393 394 395 396 397 398 399 400 401 402 403 404 404 405 406 406 407 407 408 408 409 409 409 409 409 409 409 409 409 409 409 408 408 408 407 407 406 406 405 405 404 403 402 401 400 399 398 397 396 395 394 393 392 391 390 389 388 387 386 385 384 383 382 381 380 380 379 378 378 378 377 ]; 
